         0   0.0000000000e+00
         1   0.0210000000e+00
         2  -0.3057703360e+00 
         3  -0.1962722363e+00 
         4  -0.1337905897e+00 
         5  -0.1047617976e+00 
         6  -0.9034958051e-01 
         7  -0.8205733906e-01 
         8  -0.7652348967e-01 
         9  -0.7239287690e-01 
        10  -0.6907768441e-01 
        11  -0.6629382122e-01 
        12  -0.6388475059e-01 
        13  -0.6175536119e-01 
        14  -0.5983856019e-01 
        15  -0.5808965155e-01 
        16  -0.5647488828e-01 
        17  -0.5496610314e-01 
        18  -0.5354901315e-01 
        19  -0.5220607051e-01 
        20  -0.5092726303e-01 
        21  -0.4970406011e-01 
        22  -0.4853059813e-01 
        23  -0.4740132374e-01 
        24  -0.4631386954e-01 
        25  -0.4526257393e-01 
        26  -0.4424709694e-01 
        27  -0.4326515094e-01 
        28  -0.4231416668e-01 
        29  -0.4139397501e-01 
        30  -0.4050331923e-01 
        31  -0.3964052812e-01 
        32  -0.3880510746e-01 
        33  -0.3799599381e-01 
        34  -0.3721238754e-01 
        35  -0.3645245192e-01 
        36  -0.3571687255e-01 
        37  -0.3500454563e-01 
        38  -0.3431422677e-01 
        39  -0.3364526050e-01 
        40  -0.3299702283e-01 
        41  -0.3236934909e-01 
        42  -0.3176084492e-01 
        43  -0.3117147502e-01 
        44  -0.3059953091e-01 
        45  -0.3004505482e-01 
        46  -0.2950810938e-01 
        47  -0.2898717545e-01 
        48  -0.2848178122e-01 
        49  -0.2799082378e-01 
        50  -0.2751535693e-01 
        51  -0.2705353552e-01 
        52  -0.2660516486e-01 
        53  -0.2616968989e-01 
        54  -0.2574703406e-01 
        55  -0.2533583590e-01 
        56  -0.2493677291e-01 
        57  -0.2454879404e-01 
        58  -0.2417198902e-01 
        59  -0.2380554528e-01 
        60  -0.2344876526e-01 
